5.318923241136781777e-02
4.075425097646284689e-02
2.738623620902260955e-02
1.238517549837806755e-03
6.690993918131057623e-04
1.662451536465096776e-05
8.015478658575287031e-06
1.314240716908893508e-07
5.928356709447018112e-08
6.866493246396566474e-10
2.968948734480419236e-10
1.981113243695329058e-11
2.078502613764401519e-11
4.887398148738103924e-11
3.064045017400726297e-11
1.064408922877895840e-10
1.157198899803376357e-10
1.042674475046201096e-10
1.035075969901776458e-10
8.795683860924412125e-11
