5.318923241136942759e-02
4.075425097646102196e-02
2.738623620901822764e-02
1.238517549766148364e-03
6.690993917220954467e-04
1.662451479540511830e-05
8.015478718634701951e-06
1.314251245952799327e-07
5.928342368697407581e-08
6.812164530528425613e-10
2.970315233940015718e-10
6.800065243282913084e-11
4.714164850827215824e-11
5.533953720082361086e-11
8.469536195118339356e-11
8.581547165324431445e-11
5.591935232859839657e-11
1.277711051292348473e-10
1.020689389141095114e-10
6.223903476222911888e-11
