5.318923241136887942e-02
4.075425097646044603e-02
2.738623620901473391e-02
1.238517549767682293e-03
6.690993917145469060e-04
1.662451479340899707e-05
8.015478712444361556e-06
1.314239382752693094e-07
5.928344958592733497e-08
6.864833132401907968e-10
2.963784741620046151e-10
2.559358416281276440e-12
1.491539564956778798e-12
1.486718489222807276e-12
1.385322188979225570e-12
7.526070739447745064e-13
1.595001201888233271e-12
1.220441184418623049e-12
4.149853636790543801e-12
4.860492483273480517e-12
