5.318923241136876146e-02
4.075425097646175054e-02
2.738623620902276914e-02
1.238517549762796228e-03
6.690993917204221975e-04
1.662451502374549551e-05
8.015478702153690517e-06
1.314239627809301459e-07
5.928340518877262360e-08
6.865349074668617996e-10
2.963625058084350357e-10
1.843301263514829234e-11
1.387188523480227105e-11
5.607037555640142019e-11
3.434007582967158211e-11
1.026185964490071500e-10
8.978233910101729845e-11
9.864440432759852658e-11
1.085471989415972824e-10
8.283295281497225178e-11
9.965856660906221716e-11
6.926514939924360313e-11
7.519757430330889845e-11
8.000077497230869099e-11
8.300170614552668676e-11
9.610168269575877526e-11
9.848162622482215913e-11
1.030112505567390934e-10
1.023204004350347311e-10
1.085873307610420489e-10
1.040000797247056557e-10
1.168384656862322090e-10
1.179599125490174534e-10
