5.318923241136880309e-02
4.075425097646079992e-02
2.738623620901624658e-02
1.238517549766224909e-03
6.690993917104543680e-04
1.662451479254174036e-05
8.015478714630287625e-06
1.314251230125177408e-07
5.928342955890232552e-08
6.812981068052374700e-10
2.970694140805322615e-10
6.558984170918165201e-11
4.689465005985280025e-11
5.308182033461413515e-11
8.450692773633672069e-11
8.274624771701271476e-11
1.215564210206823718e-10
1.255830312084179968e-10
1.011582328542232308e-10
7.565345516462798257e-11
8.488176171652460100e-11
6.833223322403601528e-11
8.414755294461295973e-11
1.027886050882850552e-10
8.998475842814253535e-11
1.583552518111893905e-10
1.851198150307612761e-10
1.753749790549720157e-10
1.765340623348784252e-10
1.663565662810594313e-10
1.283322685198173851e-10
1.332173046060697557e-10
1.355113285936909936e-10
