2.279281616210937500e-04
3.788471221923828125e-04
4.398822784423828125e-04
1.142024993896484375e-03
1.297950744628906250e-03
4.411935806274414062e-03
6.267070770263671875e-03
1.291108131408691406e-02
2.182793617248535156e-02
4.603290557861328125e-02
1.886379718780517578e-01
3.786859512329101562e-01
6.641879081726074219e-01
1.076812982559204102e+00
1.754637956619262695e+00
2.693899154663085938e+00
3.810347080230712891e+00
5.603927135467529297e+00
7.125165939331054688e+00
1.147312402725219727e+01
