1.157297134399414062e+00
5.332183837890625000e-02
2.550005912780761719e-02
9.999275207519531250e-04
2.120971679687500000e-03
5.850791931152343750e-03
6.941080093383789062e-03
1.312804222106933594e-02
2.358388900756835938e-02
4.518103599548339844e-02
1.017138957977294922e-01
1.247918605804443359e-01
2.239198684692382812e-01
5.583121776580810547e-01
5.948510169982910156e-01
8.288688659667968750e-01
9.233498573303222656e-01
1.617506027221679688e+00
2.250348806381225586e+00
3.035331964492797852e+00
