5.142440795898437500e-01
1.960439682006835938e-01
4.560947418212890625e-04
1.162052154541015625e-03
1.718997955322265625e-03
3.903865814208984375e-03
5.303144454956054688e-03
1.000809669494628906e-02
1.719713211059570312e-02
3.812217712402343750e-02
3.387689590454101562e-01
4.552769660949707031e-01
8.242499828338623047e-01
1.501255989074707031e+00
2.320565938949584961e+00
3.614389896392822266e+00
5.265641927719116211e+00
7.776570081710815430e+00
1.088852500915527344e+01
1.631701397895812988e+01
