8.201599121093750000e-04
2.916812896728515625e-03
3.235101699829101562e-03
8.268117904663085938e-03
8.933067321777343750e-03
1.871514320373535156e-02
2.009701728820800781e-02
3.729796409606933594e-02
4.883599281311035156e-02
7.845282554626464844e-02
9.934806823730468750e-02
3.257060050964355469e-01
6.316661834716796875e-01
1.283174991607666016e+00
1.466758012771606445e+00
2.168287038803100586e+00
3.107657909393310547e+00
4.659617185592651367e+00
6.563537120819091797e+00
9.168524026870727539e+00
1.129324412345886230e+01
1.398787188529968262e+01
1.774372816085815430e+01
2.238537812232971191e+01
2.804489398002624512e+01
3.539000511169433594e+01
4.421586203575134277e+01
5.551964306831359863e+01
6.777969908714294434e+01
8.868604087829589844e+01
1.069290430545806885e+02
1.311516170501708984e+02
1.650371649265289307e+02
