4.899024963378906250e-03
3.809928894042968750e-03
3.787994384765625000e-03
9.444236755371093750e-03
1.718592643737792969e-02
2.332615852355957031e-02
2.884817123413085938e-02
5.129003524780273438e-02
6.938290596008300781e-02
1.262001991271972656e-01
2.383098602294921875e-01
4.195611476898193359e-01
1.059841156005859375e+00
2.155833005905151367e+00
2.558447837829589844e+00
3.588663101196289062e+00
5.145886898040771484e+00
7.763783931732177734e+00
1.089358305931091309e+01
1.534198093414306641e+01
1.858232784271240234e+01
2.321697902679443359e+01
2.931450986862182617e+01
3.706326198577880859e+01
4.605501699447631836e+01
5.920213007926940918e+01
7.212621498107910156e+01
9.153431105613708496e+01
1.115264689922332764e+02
1.465449290275573730e+02
1.750347280502319336e+02
2.180095889568328857e+02
2.674401340484619141e+02
